1	500035	117958
2	500399	118091
3	500541	118270
4	500586	118280
5	500628	118282
6	500643	118307
7	500638	118342
8	500795	118539
9	500962	118420
10	501096	118430
11	501039	118428
12	500977	118438
13	500917	118463
14	500802	118551
15	500810	118594
16	500815	118627
17	500790	118737
18	500772	118885
19	500737	119059
20	500698	119270
21	500725	119323
22	500752	119338
23	500762	119396
24	500770	119479
25	500830	119526
26	500860	119607
27	500870	119672
28	500855	119728
29	500822	119768
30	500775	119826
31	500733	119878
32	500690	119936
33	500678	120022
34	500573	120170
35	500528	120288
36	500553	120369
37	500566	120409
38	500571	120439
39	500581	120494
40	500603	120602
41	500600	120638
42	500623	120783
43	500625	120834
44	500658	120836
45	500655	120864
46	500615	120929
47	500685	121027
48	500683	121100
49	500670	121183
50	500645	121284
51	500660	121394
52	500680	121419
53	500703	121522
54	500723	121701
55	500777	121837
56	500795	121915
57	500799	121985
58	500842	122043
59	500849	122076
60	500812	122227
61	500822	122257
62	500854	122272
63	500869	122340
64	500909	122375
65	500917	122408
66	500902	122468
67	500854	122524
68	500794	122567
69	500739	122642
70	500761	122698
71	500739	122730
72	500734	122844
73	500736	122892
74	500746	122985
75	500759	123038
76	500812	123101
77	500829	123141
78	500879	123194
79	500924	123252
80	500949	123209
81	500977	123184
82	500964	123211
83	500959	123244
84	500982	123279
85	501009	123307
86	501034	123325
87	501052	123352
88	501075	123405
89	501107	123461
90	501117	123498
91	501172	123650
92	501225	123798
93	501257	123864
94	501297	123934
95	501330	123967
96	501380	124002
97	501443	124063
98	501495	124128
99	501538	124206
100	501570	124289
101	501621	124314
102	501691	124347
103	501736	124362
104	501783	124362
105	501831	124355
106	501863	124342
107	501899	124309
108	501904	124282
109	501881	124244
110	501919	124277
111	501924	124337
112	501946	124420
113	501951	124498
114	501971	124526
115	502071	124947
116	502084	124982
117	502096	125025
118	502116	125052
119	502207	125229
120	502177	125271
121	502219	125271
122	502269	125377
123	502232	125375
124	502234	125453
125	502282	125443
126	502297	125546
127	502274	125584
128	502314	125586
129	502272	125604
130	502254	125692
131	502247	125745
132	502229	125785
133	502194	125916
134	502156	125921
135	502056	126143
136	502046	126181
137	502009	126354
138	502029	126480
139	502049	126518
140	502081	126538
141	502114	126604
142	502111	126646
143	502121	126697
144	502184	126916
145	502212	126923
146	502229	127082
147	502249	127165
148	502362	127163
149	502357	127193
150	502307	127238
151	502279	127319
152	502247	127415
153	502237	127538
154	502252	127692
155	502277	127830
156	502304	127923
157	502322	127959
158	502362	128049
159	502437	128105
160	502555	128238
161	502617	128263
162	502667	128261
163	502675	128210
164	502640	128200
165	502602	128215
166	502575	128210
167	502595	128183
168	502657	128183
169	502700	128210
170	502723	128253
171	502760	128291
172	502825	128364
173	502880	128429
174	502943	128520
175	502975	128606
176	502998	128666
177	503051	128744
178	503098	128785
179	503123	128840
180	503156	128817
181	503168	128898
182	503143	128908
183	503151	128963
184	503183	128958
185	503218	129107
186	503364	129258
187	503411	129336
188	503484	129457
189	503547	129575
190	503622	129686
191	503684	129784
192	503734	129842
193	503860	129925
194	503942	130019
195	503967	130031
196	504002	130011
197	504135	130144
198	504165	130192
199	504168	130230
200	504263	130394
201	504265	130419
202	504368	130550
203	504403	130532
204	504391	130578
205	504403	130628
206	504426	130683
207	504493	130812
208	504558	130996
209	504561	131069
210	504576	131132
211	504608	131179
212	504636	131222
213	504644	131268
214	504664	131315
215	504684	131371
216	504719	131436
217	504744	131479
218	504751	131527
219	504764	131587
220	504801	131648
221	504841	131696
222	504836	131731
223	504861	131809
224	504876	131859
225	504869	131895
226	504844	132000
227	504836	132043
228	504839	132215
229	504876	132295
230	504924	132371
231	505017	132504
232	505052	132514
233	505179	132688
234	505197	132721
235	505207	132764
236	505215	132801
237	505207	132829
238	505215	132854
239	505172	132962
240	505185	132993
241	505172	133036
242	505179	133086
243	505205	133149
244	505230	133159
245	505230	133219
246	505220	133383
247	505237	133411
248	505210	133532
249	505212	133607
250	505225	133668
251	505242	133705
252	505300	133731
253	505330	133786
254	505367	133849
255	505425	133904
256	505473	133952
257	505500	133995
258	505507	134008
259	505522	134028
260	505561	134068
261	505589	134166
262	505634	134251
263	505664	134281
264	505686	134359
265	505711	134472
266	505764	134507
267	505813	134544
268	505871	134554
269	505911	134722
270	505931	134810
271	505953	134898
272	505983	134908
273	506053	134941
274	506098	134998
275	506183	135061
276	506183	135106
277	506190	135141
278	506210	135232
279	506235	135299
280	506305	135385
281	506322	135415
282	506355	135415
283	506380	135465
284	506430	135508
285	506480	135560
286	506557	135585
287	506649	135625
288	506739	135726
289	506769	135751
290	506816	135824
291	506864	135871
292	506974	135964
293	507061	136072
294	507096	136117
295	507123	136170
296	507171	136225
297	507226	136290
298	507253	136285
299	507256	136330
300	507300	136393
301	507338	136491
302	507348	136609
303	507370	136671
304	507375	136752
305	507383	136789
306	507418	136789
307	507460	136862
308	507483	136892
309	507565	136907
310	507657	136972
311	507660	137013
312	507720	137085
313	507772	137138
314	507812	137161
315	507842	137206
316	507879	137233
317	507914	137211
318	507929	137241
319	507922	137271
320	508046	137459
321	508094	137534
322	508139	137574
323	508179	137595
324	508234	137610
325	508289	137507
326	508286	137547
327	508303	137607
328	508308	137670
329	508301	137702
330	508316	137773
331	508311	137865
332	508351	137966
333	508396	137993
334	508453	138013
335	508443	138044
336	508653	138217
337	508693	138237
338	508930	138435
339	509005	138462
340	509132	138518
341	509144	138545
342	509187	138588
343	509214	138638
344	509341	138638
345	509386	138638
346	509571	138628
347	509686	138600
348	509751	138580
349	509753	138555
350	509790	138540
351	509903	138485
352	509878	138462
353	509880	138437
354	509920	138437
355	509895	138410
356	509953	138417
357	510042	138402
358	510127	138402
359	510222	138370
360	510287	138355
361	510399	138314
362	510429	138352
363	510477	138400
364	510497	138475
365	510724	138931
366	510769	138934
367	510803	138974
368	510861	138974
369	510958	138992
370	511028	139044
371	511048	139102
372	511045	139155
373	511050	139215
374	511098	139310
375	511113	139403
376	511098	139481
377	511060	139606
378	511021	139764
379	511013	139922
380	511028	140038
381	511068	140118
382	511140	140188
383	511255	140309
384	511360	140416
385	511427	140519
386	511462	140582
387	511515	140675
388	511624	140860
389	511672	140931
390	511719	141064
391	511724	141119
392	511707	141262
393	511689	141412
394	511694	141477
395	511694	141618
396	511714	141761
397	511739	141861
398	511819	141992
399	511876	142039
400	511919	142049
401	511964	142047
402	512006	142032
403	512046	141997
404	512116	142017
405	512168	142047
406	512208	142072
407	512248	142122
408	512208	142205
409	512263	142265
410	512318	142320
411	512413	142350
412	512518	142380
413	512665	142486
414	512727	142531
415	512837	142566
416	512902	142624
417	512972	142674
418	513109	142860
419	513184	142927
420	513194	142993
421	513266	143100
422	513361	143216
423	513468	143281
424	513533	143389
425	513605	143477
426	513703	143582
427	513785	143675
428	513845	143750
429	513850	143815
430	513850	143916
431	513892	144039
432	513935	144129
433	513950	144161
434	513995	144202
435	514035	144219
436	514077	144214
437	514177	144237
438	514202	144249
439	514252	144292
440	514331	144357
441	514374	144402
442	514396	144450
443	514436	144515
444	514466	144540
445	514529	144570
446	514558	144583
447	514601	144623
448	514646	144688
449	514681	144723
450	514763	144753
451	514845	144768
452	514905	144786
453	514945	144814
454	514996	144859
455	515002	144866
456	515115	144997
457	515185	145083
458	515275	145277
459	515315	145262
460	515320	145312
461	515340	145363
462	515370	145426
463	515413	145496
464	515465	145589
465	515565	145539
466	515575	145468
467	515570	145441
468	515545	145476
469	515533	145514
470	515565	145539
471	515465	145589
472	515520	145665
473	515595	145738
474	515665	145771
475	515753	145856
476	515803	145861
477	515830	145889
478	515858	145924
479	515883	145980
480	515908	145980
481	515993	146020
482	516013	146050
483	516056	146043
484	516076	146081
485	516093	146111
486	516171	146146
487	516203	146146
488	516253	146121
489	516291	146118
490	516341	146078
491	516338	146121
492	516408	146131
493	516476	146106
494	516531	146103
495	516546	146131
496	516601	146141
497	516673	146184
498	516708	146197
499	516758	146207
500	516818	146222
501	516848	146214
502	516908	146227
503	516986	146244
504	517031	146242
505	517088	146247
506	517141	146262
507	517171	146262
508	517201	146270
509	517286	146250
510	517319	146262
511	517371	146257
512	517406	146270
513	517434	146305
514	517476	146328
515	517694	146365
516	517751	146401
517	517874	146446
518	517919	146446
519	517996	146496
520	518096	146529
521	518146	146559
522	518206	146565
523	518269	146567
524	518324	146562
525	518404	146539
526	518464	146507
527	518642	146459
528	518672	146466
529	518804	146532
530	518964	146459
531	519064	146396
532	519099	146376
533	519172	146333
534	519227	146295
535	519292	146234
536	519339	146164
537	519367	146121
538	519407	146108
539	519429	146136
540	519472	146129
541	519482	146096
542	519507	146073
543	519537	146045
544	519542	146013
545	519542	145965
546	519570	145977
547	519555	145940
548	519662	145927
549	519745	145877
550	519802	145854
551	519862	145831
552	519935	145826
553	520022	145834
554	520077	145834
555	520185	145829
556	520265	145803
557	520327	145796
558	520387	145803
559	520472	145829
560	520510	145839
561	520658	145929
562	520768	145985
563	520825	146005
564	520873	146045
565	520875	146124
566	520880	146169
567	520903	146217
568	520930	146247
569	520965	146267
570	521033	146297
571	521093	146330
572	521135	146338
573	521203	146396
574	521258	146418
575	521350	146509
576	521398	146537
577	521488	146617
578	521553	146675
579	521585	146685
580	521728	146786
581	521828	146844
582	521853	146854
583	521921	146842
584	521911	146869
585	521976	146902
586	522033	146907
587	522066	146925
588	522188	146953
589	522333	146983
590	522391	146968
591	522471	146975
592	522591	147013
593	522656	147026
594	522711	147048
595	522793	147053
596	522856	147074
597	522903	147071
598	522961	147071
599	523079	147104
600	523154	147104
601	523211	147126
602	523319	147167
603	523364	147182
604	523421	147220
605	523489	147260
606	523546	147275
607	523611	147293
608	523751	147336
609	523831	147384
610	523894	147401
611	523934	147396
612	524004	147447
613	524039	147469
614	524056	147535
615	524059	147578
616	524064	147623
617	524101	147661
618	524182	147696
619	524162	147724
620	524187	147749
621	524329	147867
622	524404	147923
623	524454	147963
624	524527	147968
625	524554	147966
626	524679	147940
627	524777	147940
628	524819	147925
629	524952	147908
630	524977	147938
631	524934	148132
632	524939	148172
633	524924	148220
634	524919	148268
635	524969	148467
636	524982	148613
637	524987	148646
638	524994	148674
639	525049	148764
640	525112	148843
641	525142	148855
642	525252	148953
643	525325	149024
644	525410	149092
645	525457	149142
646	525517	149205
647	525540	149241
648	525570	149284
649	525622	149301
650	525792	149339
651	525830	149331
652	525895	149324
653	525940	149311
654	525990	149294
655	526025	149276
656	526052	149253
657	526087	149243
658	526140	149251
659	526202	149271
660	526242	149304
661	526312	149301
662	526347	149309
663	526355	149349
664	526450	149372
665	526533	149392
666	526555	149442
667	526578	149495
668	526575	149722
669	526578	149813
670	526583	149921
671	526610	150007
672	526648	150085
673	526770	150249
674	526825	150319
675	526890	150428
676	526943	150460
677	527038	150428
678	526953	150478
679	526970	150541
680	527023	150569
681	527073	150569
682	527150	150554
683	527203	150599
684	527330	150654
685	527418	150667
686	527423	150692
687	527480	150682
688	527475	150753
689	527498	150818
690	527513	150785
691	527563	150743
692	527600	150750
693	527696	150864
694	527728	150906
695	527783	150952
696	527753	150964
697	527758	151012
698	527776	151053
699	527813	151085
700	527866	151136
701	527891	151116
702	527911	151151
703	527988	151219
704	528006	151244
705	528111	151446
706	528111	151483
707	528088	151509
708	528053	151526
709	528043	151579
710	528048	151609
711	528063	151645
712	528088	151675
713	528131	151733
714	528161	151771
715	528201	151783
716	528288	151849
717	528346	151909
718	528393	151950
719	528466	152003
720	528563	152045
721	528693	152071
722	528809	151982
723	528889	151929
724	528959	151940
725	528956	151977
726	528979	152126
727	528986	152066
728	528999	151965
729	529041	151962
730	529079	152005
731	529109	152005
732	529206	152068
733	529339	152043
734	529386	152035
735	529549	151967
736	529641	151932
737	529709	151904
738	529851	151841
739	529951	151771
740	529999	151740
741	530037	151708
742	530282	151521
743	530504	151335
744	530639	151211
745	530722	151123
746	530792	151105
747	530839	151083
748	530897	151068
749	530954	151050
750	530969	151146
751	530997	151143
752	531004	151032
753	531022	151078
754	531097	151098
755	531215	151108
756	531255	151121
757	531280	151100
758	531300	151133
759	531480	151103
760	531575	151116
761	531682	151095
762	531825	151080
763	531865	151080
764	532082	151080
765	532125	151058
766	532222	151063
767	532313	151070
768	532405	151088
769	532496	151098
770	532510	151149
771	532558	151147
772	532608	151165
773	532668	151233
774	532735	151268
775	532758	151316
776	532738	151369
777	532850	151495
778	532908	151558
779	532970	151614
780	533038	151644
781	533098	151662
782	533168	151672
783	533225	151690
784	533255	151687
785	533320	151697
786	533405	151743
787	533485	151758
788	533518	151758
789	533563	151745
790	533570	151773
791	533640	151798
792	533685	151864
793	533723	151899
794	533788	151960
795	533830	151960
796	533805	151998
797	533833	152043
798	533840	152068
799	533878	152096
800	533913	152088
801	533981	152134
802	533991	152159
803	534021	152177
804	534013	152205
805	534038	152227
806	534348	152295
807	534501	152250
808	534621	152205
809	534656	152172
810	534686	152162
811	534776	152220
812	534836	152265
813	534863	152288
814	534898	152313
815	534951	152303
816	535051	152258
817	535116	152227
818	535186	152177
819	535251	152129
820	535298	152114
821	535458	151962
822	535518	151909
823	535571	151859
824	535606	151816
825	535613	151783
826	535641	151755
827	535668	151755
828	535701	151717
829	535681	151637
830	535721	151632
831	535724	151601
832	535749	151604
833	535784	151594
834	535784	151556
835	536001	151483
836	536029	151616
837	536241	151621
838	536254	151533
839	536279	151526
840	536296	151553
841	536341	151510
842	536399	151500
843	536444	151472
844	536496	151467
845	536549	151457
846	536589	151447
847	536634	151435
848	536699	151414
849	536741	151384
850	536794	151351
851	536839	151321
852	536869	151281
853	536851	151233
854	536964	151122
855	537059	151225
856	537119	151167
857	537274	151051
858	537264	150998
859	537311	151013
860	537351	151028
861	537437	151064
862	537637	150879
863	537602	150743
864	537659	150859
865	537739	150786
866	537719	150705
867	537859	150771
868	537797	150834
869	537782	150874
870	537809	150945
871	537877	150953
872	537919	150932
873	538012	150963
874	538057	150980
875	538122	150995
876	538189	150985
877	538237	150970
878	538394	150907
879	538489	150869
880	538619	150814
881	538792	150748
882	538809	150723
883	538842	150723
884	538859	150761
885	538864	150720
886	538932	150715
887	538974	150695
888	539004	150708
889	539012	150746
890	539072	150768
891	539099	150771
892	539169	150806
893	539205	150824
894	539397	150809
895	539427	150804
896	539467	150786
897	539582	150796
898	539682	150819
899	539740	150796
900	539800	150776
901	539857	150761
902	539900	150758
903	539925	150773
904	539997	150804
905	540025	150826
906	540077	150829
907	540120	150841
908	540200	150821
909	540237	150836
910	540240	150773
911	540355	150766
912	540430	150748
913	540447	150796
914	540515	150811
915	540570	150814
916	540615	150806
917	540597	150735
918	540645	150672
919	540822	150602
920	540857	150662
921	540855	150602
922	540887	150642
923	540933	150619
924	541010	150607
925	541075	150594
926	541158	150569
927	541185	150561
928	541283	150602
929	541355	150599
930	541528	150622
931	541618	150602
932	541668	150576
933	541748	150576
934	541805	150539
935	541803	150480
936	542078	150274
937	542095	150327
938	542380	150314
939	542548	150193
940	542623	150185
941	542686	150094
942	542731	150125
943	542756	150130
944	542848	150107
945	542888	150069
946	542921	150036
947	542976	150024
948	543016	150039
949	543091	150029
950	543151	149993
951	543221	149953
952	543258	149938
953	543343	149913
954	543461	149829
955	543578	149751
956	543671	149660
957	543761	149595
958	543873	149501
959	543991	149395
960	544068	149312
961	544163	149218
962	544238	149140
963	544303	149072
964	544348	149064
965	544421	149024
966	544476	148979
967	544539	148933
968	544586	148895
969	544679	148842
970	544746	148769
971	544806	148711
972	544884	148638
973	544934	148602
974	544976	148585
975	545016	148605
976	545044	148605
977	545134	148633
978	545179	148638
979	545221	148628
980	545269	148597
981	545304	148597
982	545344	148613
983	545369	148620
984	545441	148613
985	545521	148600
986	545599	148613
987	545646	148615
988	545711	148686
989	545769	148762
990	545856	148840
991	545944	148878
992	545986	148885
993	546034	148878
994	546129	148903
995	546166	148880
996	546199	148880
997	546242	148898
998	546317	148883
999	546314	148830
1000	546234	148845
1001	546204	148840
1002	546259	148820
1003	546312	148812
1004	546347	148827
1005	546372	148845
1006	546447	148852
1007	546474	148845
1008	546524	148883
1009	546564	148885
1010	546609	148875
1011	546664	148890
1012	546722	148868
1013	546749	148837
1014	546832	148767
1015	546877	148759
1016	546912	148731
1017	546939	148698
1018	546982	148691
1019	547112	148613
1020	547177	148557
1021	547242	148522
1022	547329	148418
1023	547409	148315
1024	547449	148279
1025	547469	148242
1026	547537	148206
1027	547592	148181
1028	547654	148125
1029	547727	148024
1030	547779	147959
1031	547847	147901
1032	547967	147812
1033	548065	147754
1034	548227	147663
1035	548332	147610
1036	548422	147557
1037	548540	147494
1038	548647	147449
1039	548785	147386
1040	548902	147320
1041	549032	147252
1042	549122	147209
1043	549227	147169
1044	549262	147138
1045	549332	147141
1046	549570	147080
1047	549597	147085
1048	549647	147070
1049	549703	147085
1050	549733	147103
1051	549813	147128
1052	549855	147133
1053	549933	147121
1054	549978	147138
1055	550013	147216
1056	550057	147231
1057	550132	147226
1058	550217	147203
1059	550322	147173
1060	550414	147140
1061	550511	147089
1062	550586	147048
1063	550673	147010
1064	550776	146980
1065	550868	146959
1066	550940	146937
1067	551013	146871
1068	551055	146896
1069	551100	146899
1070	551162	146893
1071	551339	146853
1072	551402	146822
1073	551456	146792
1074	551514	146769
1075	551544	146764
1076	551589	146777
1077	551646	146779
1078	551629	146728
1079	551576	146716
1080	551551	146728
1081	551544	146703
1082	551551	146662
1083	551569	146637
1084	551599	146617
1085	551636	146614
1086	551678	146647
1087	551736	146683
1088	551758	146749
1089	551858	146736
1090	551900	146726
1091	551990	146716
1092	552015	146685
1093	552065	146685
1094	552102	146673
1095	552137	146698
1096	552190	146683
1097	552294	146690
1098	552424	146678
1099	552466	146678
1100	552511	146662
1101	552599	146500
1102	552666	146498
1103	552706	146454
1104	552788	146462
1105	552930	146498
1106	553077	146495
1107	553222	146503
1108	553324	146480
1109	553399	146432
1110	553422	146399
1111	553451	146366
1112	553469	146315
1113	553514	146155
1114	553556	146132
1115	553601	146018
1116	553611	146005
1117	553650	145997
1118	553660	145930
1119	553660	145905
1120	553660	145877
1121	553660	145852
1122	553655	145827
1123	553657	145799
1124	553657	145772
1125	553657	145747
1126	553655	145722
1127	553652	145689
1128	553657	145664
1129	553690	145641
1130	553715	145626
1131	553740	145621
1132	553765	145631
1133	553792	145609
1134	553820	145584
1135	553845	145576
1136	553870	145563
1137	553895	145551
1138	553922	145536
1139	553947	145523
1140	553972	145511
1141	553997	145501
1142	554022	145491
1143	554047	145473
1144	554065	145448
1145	554090	145436
1146	554127	145476
1147	554185	145471
1148	554222	145418
1149	554397	145378
1150	554430	145365
1151	554507	145348
1152	554538	145358
1153	554790	145285
1154	554795	145245
1155	554805	145280
1156	554928	145257
1157	554923	145230
1158	554965	145222
1159	555093	144828
1160	555123	144796
1161	555143	144720
1162	555193	144718
1163	555248	144688
1164	555308	144658
1165	555313	144620
1166	555365	144530
1167	555400	144525
1168	555440	144475
1169	555505	144319
1170	555510	144204
1171	555528	144156
1172	555568	144126
1173	555578	144161
1174	555660	144201
1175	555728	144231
1176	555826	144264
1177	555921	144291
1178	555956	144279
1179	556023	144289
1180	556068	144266
1181	556071	144234
1182	556126	144241
1183	556178	144264
1184	556226	144251
1185	556243	144219
1186	556273	144194
1187	556291	144244
1188	556363	144249
1189	556448	144216
1190	556523	144221
1191	556596	144209
1192	556666	144126
1193	556718	144088
1194	556763	144096
1195	556798	144053
1196	556858	144043
1197	556931	143918
1198	556981	143897
1199	557016	143780
1200	557016	143719
1201	556993	143672
1202	557059	143626
1203	557136	143561
1204	557219	143526
1205	557226	143486
1206	557256	143463
1207	557249	143501
1208	557316	143383
1209	557369	143526
1210	557444	143586
1211	557524	143559
1212	557531	143499
1213	557744	143338
1214	557756	143293
1215	557806	143273
1216	557826	143228
1217	557856	143210
1218	557891	143243
1219	557931	143268
1220	557996	143260
1221	558076	143250
1222	558191	143283
1223	558317	143300
1224	558437	143333
1225	558489	143345
1226	558562	143373
1227	558642	143388
1228	558737	143366
1229	558814	143310
1230	558892	143238
1231	558992	143167
1232	559034	143090
1233	559184	142977
1234	559242	142909
1235	559287	142831
1236	559329	142738
1237	559347	142663
1238	559347	142608
1239	559324	142492
1240	559299	142395
1241	559287	142339
1242	559284	142292
1243	559354	142209
1244	559442	142124
1245	559507	142078
1246	559572	142061
1247	559652	142076
1248	559737	142124
1249	559825	142186
1250	559922	142166
1251	560002	142146
1252	560082	142103
1253	560142	142021
1254	560200	141925
1255	560252	141822
1256	560297	141752
1257	560337	141657
1258	560380	141592
1259	560410	141549
1260	560415	141439
1261	560400	141366
1262	560387	141296
1263	560390	141185
1264	560465	141090
1265	560530	141027
1266	560592	140987
1267	560655	140934
1268	560685	140879
1269	560707	140749
1270	560715	140658
1271	560710	140598
1272	560707	140540
1273	560705	140503
1274	560677	140490
1275	560660	140463
1276	560665	140420
1277	560690	140380
1278	560715	140382
1279	560750	140397
1280	560788	140360
1281	560818	140294
1282	560863	140222
1283	560910	140099
1284	560945	139978
1285	560948	139835
1286	560938	139725
1287	560915	139632
1288	560863	139514
1289	560818	139429
1290	560765	139341
1291	560737	139333
1292	560707	139288
1293	560645	139208
1294	560517	139133
1295	560497	139100
1296	560515	139012
1297	560530	138902
1298	560495	138799
1299	560470	138716
1300	560437	138636
1301	560372	138541
1302	560240	138475
1303	560147	138438
1304	560092	138413
1305	560040	138538
1306	560007	138546
1307	560057	138433
1308	560037	138405
1309	560055	138355
1310	559990	138310
1311	559940	138322
1312	559775	138307
1313	559637	138869
1314	559617	138352
1315	559527	138378
1316	559447	138352
1317	559352	138395
1318	559324	138408
1319	559267	138410
1320	559204	138450
1321	559164	138468
1322	559109	138450
1323	559047	138475
1324	558989	138483
1325	558917	138468
1326	558839	138458
1327	558787	138463
1328	558734	138448
1329	558679	138448
1330	558592	138470
1331	558539	138448
1332	558472	138403
1333	558429	138357
1334	558417	138330
1335	558349	138292
1336	558294	138272
1337	558231	138250
1338	558156	138295
1339	558096	138305
1340	557979	138302
1341	557899	138317
1342	557814	138357
1343	557774	138378
1344	557714	138367
1345	557521	138852
1346	557479	138839
1347	557619	138468
1348	557551	138438
1349	557489	138430
1350	557441	138400
1351	557376	138373
1352	557256	138370
1353	557071	138350
1354	556973	138360
1355	556928	138388
1356	556886	138388
1357	556776	138317
1358	556678	138267
1359	556626	138247
1360	556581	138250
1361	556528	138257
1362	556491	138307
1363	556411	138260
1364	556361	138255
1365	556231	138167
1366	556171	138144
1367	556061	138099
1368	555978	138104
1369	555901	138097
1370	555831	138132
1371	555781	138177
1372	555665	138222
1373	555603	138247
1374	555545	138285
1375	555503	138337
1376	555473	138312
1377	555588	138122
1378	555683	137959
1379	555818	137826
1380	555981	137667
1381	556118	137534
1382	556223	137417
1383	556313	137291
1384	556386	137193
1385	556401	137156
1386	556351	137128
1387	556233	137289
1388	556093	137434
1389	555958	137565
1390	555848	137662
1391	555760	137745
1392	555660	137831
1393	555580	137923
1394	555520	138014
1395	555468	138099
1396	555435	138187
1397	555373	138214
1398	555333	138267
1399	555293	138267
1400	555278	138207
1401	555265	138164
1402	555280	138207
1403	555303	138252
1404	555335	138199
1405	555340	138174
1406	555310	138149
1407	555408	138021
1408	555423	137921
1409	555445	137783
1410	555455	137740
1411	555480	137708
1412	555463	137627
1413	555478	137557
1414	555438	137494
1415	555393	137484
1416	555365	137452
1417	555368	137422
1418	555343	137402
1419	555343	137329
1420	555300	137389
1421	555245	137452
1422	555215	137447
1423	555300	137331
1424	555145	137253
1425	555060	137339
1426	554998	137384
1427	554938	137424
1428	554808	137452
1429	554658	137537
1430	554593	137577
1431	554455	137607
1432	554395	137607
1433	554240	137595
1434	554240	137560
1435	554090	137494
1436	553975	137487
1437	553702	137417
1438	553490	137379
1439	553285	137334
1440	553204	137321
1441	553044	137379
1442	552954	137424
1443	552789	137439
1444	552642	137502
1445	552597	137577
1446	552464	137610
1447	552342	137635
1448	552232	137690
1449	552227	137740
1450	552099	137841
1451	552022	137833
1452	551906	137841
1453	551774	137873
1454	551686	137901
1455	551571	137999
1456	551486	138054
1457	551411	138094
1458	551351	138162
1459	551331	138232
1460	551281	138287
1461	551186	138295
1462	551061	138270
1463	550909	138242
1464	550743	138222
1465	550596	138177
1466	550493	138139
1467	550296	138149
1468	550168	138149
1469	550023	138227
1470	549981	138272
1471	549828	138312
1472	549653	138352
1473	549498	138405
1474	549348	138475
1475	549223	138553
1476	549128	138608
1477	549003	138661
1478	548918	138694
1479	548843	138686
1480	548753	138679
1481	548643	138719
1482	548553	138764
1483	548513	138789
1484	548443	138794
1485	548416	138807
1486	548365	138835
1487	548340	138848
1488	548298	138863
1489	548273	138873
1490	548238	138886
1491	548213	138896
1492	548150	138927
1493	548125	138935
1494	548070	138950
1495	548045	138958
1496	548003	138965
1497	547977	138971
1498	547922	138978
1499	547897	138986
1500	547855	138996
1501	547830	139004
1502	547805	139014
1503	547780	139035
1504	547722	139109
1505	547697	139134
1506	547677	139160
1507	547660	139186
1508	547637	139211
1509	547612	139234
1510	547587	139260
1511	547532	139265
1512	547484	139278
1513	547447	139283
1514	547394	139265
1515	547332	139265
1516	547264	139309
1517	547156	139332
1518	547086	139373
1519	547024	139396
1520	546944	139409
1521	546829	139421
1522	546741	139432
1523	546691	139419
1524	546483	139455
1525	546433	139478
1526	546373	139483
1527	546265	139516
1528	546012	139521
1529	545950	139539
1530	545785	139580
1531	545727	139618
1532	545577	139654
1533	545377	139718
1534	545246	139759
1535	545131	139821
1536	545084	139846
1537	544994	139882
1538	544861	139849
1539	544778	139849
1540	544643	139890
1541	544458	139862
1542	544303	139862
1543	544148	139841
1544	544123	139841
1545	544040	139852
1546	543955	139887
1547	543810	139890
1548	543667	139898
1549	543567	139903
1550	543507	139880
1551	543349	139905
1552	543209	139903
1553	543099	139910
1554	543011	139931
1555	542831	139928
1556	542676	139928
1557	542528	139918
1558	542413	139908
1559	542288	139898
1560	542153	139841
1561	542047	139788
1562	541922	139790
1563	541870	139816
1564	541704	139844
1565	541579	139844
1566	541484	139836
1567	541364	139795
1568	541214	139729
1569	541131	139698
1570	541104	139703
1571	541039	139675
1572	541041	139649
1573	540863	139580
1574	540756	139562
1575	540691	139585
1576	540298	139562
1577	540182	139562
1578	539977	139583
1579	539809	139608
1580	539637	139613
1581	539469	139662
1582	539374	139693
1583	539234	139713
1584	539074	139700
1585	538983	139700
1586	538828	139662
1587	538783	139657
1588	538585	139657
1589	538523	139647
1590	538433	139693
1591	538355	139726
1592	538318	139726
1593	538232	139693
1594	538170	139657
1595	537869	139593
1596	537694	139554
1597	537604	139575
1598	537527	139552
1599	537499	139562
1600	537471	139565
1601	537329	139544
1602	537226	139542
1603	537046	139480
1604	536876	139455
1605	536741	139444
1606	536615	139424
1607	536525	139421
1608	536423	139465
1609	536335	139449
1610	536207	139416
1611	536205	139385
1612	536180	139393
1613	536082	139362
1614	535977	139350
1615	535829	139350
1616	535787	139327
1617	535759	139344
1618	535729	139339
1619	535567	139296
1620	535409	139293
1621	535316	139286
1622	535204	139291
1623	535138	139278
1624	535053	139265
1625	534856	139347
1626	534733	139378
1627	534588	139370
1628	534475	139329
1629	534292	139293
1630	534302	139263
1631	534247	139234
1632	534130	139211
1633	534005	139204
1634	533812	139140
1635	533782	139147
1636	533717	139134
1637	533687	139106
1638	533526	139076
1639	533434	139055
1640	533419	139030
1641	533361	139030
1642	533301	138999
1643	533198	138986
1644	533138	138976
1645	533103	138945
1646	533048	138945
1647	533016	138960
1648	532973	138958
1649	532903	138971
1650	532853	138945
1651	532743	138919
1652	532625	138886
1653	532510	138850
1654	532500	138829
1655	532438	138817
1656	532403	138829
1657	532378	138786
1658	532315	138771
1659	532218	138774
1660	532097	138721
1661	532047	138696
1662	531885	138643
1663	531750	138607
1664	531700	138615
1665	531602	138554
1666	531470	138547
1667	531282	138519
1668	531245	138534
1669	531122	138580
1670	531012	138635
1671	530962	138627
1672	530872	138673
1673	530737	138744
1674	530610	138829
1675	530525	138860
1676	530412	138935
1677	530322	139021
1678	530227	139082
1679	530147	139127
1680	530107	139165
1681	530102	139203
1682	530094	139178
1683	529972	139258
1684	529877	139321
1685	529807	139357
1686	529709	139415
1687	529627	139473
1688	529564	139518
1689	529504	139553
1690	529429	139604
1691	529369	139435
1692	529327	139435
1693	529267	139463
1694	529192	139395
1695	529164	139427
1696	529194	139473
1697	529217	139518
1698	529209	139594
1699	529212	139667
1700	529089	139677
1701	528892	139697
1702	528739	139687
1703	528636	139664
1704	528484	139606
1705	528391	139566
1706	528291	139511
1707	528336	139422
1708	528401	139367
1709	528384	139326
1710	528321	139339
1711	528279	139405
1712	528244	139483
1713	528181	139447
1714	528126	139389
1715	528081	139336
1716	528036	139294
1717	527949	139286
1718	527876	139278
1719	527804	139220
1720	527714	139180
1721	527621	139127
1722	527541	139069
1723	527411	139046
1724	527261	139016
1725	527191	138981
1726	527124	138918
1727	527066	138842
1728	526893	138723
1729	526746	138597
1730	526638	138484
1731	526538	138368
1732	526476	138267
1733	526463	138108
1734	526491	137802
1735	526473	137641
1736	526473	137389
1737	526473	137275
1738	526423	137149
1739	526353	136982
1740	526303	136801
1741	526218	136723
1742	526153	136680
1743	526068	136513
1744	526111	136483
1745	526031	136432
1746	525938	136397
1747	525831	136384
1748	525743	136384
1749	525643	136329
1750	525588	136256
1751	525526	136223
1752	525433	136170
1753	525368	136137
1754	525246	136094
1755	525190	136102
1756	525163	136094
1757	525155	136066
1758	525063	136019
1759	524995	136014
1760	524915	135971
1761	524800	135905
1762	524685	135860
1763	524555	135802
1764	524428	135728
1765	524368	135701
1766	524288	135688
1767	524230	135670
1768	524223	135635
1769	524100	135585
1770	524013	135529
1771	523918	135458
1772	523793	135416
1773	523693	135357
1774	523575	135287
1775	523420	135241
1776	523320	135173
1777	523265	135113
1778	523107	135040
1779	522947	134969
1780	522735	134888
1781	522515	134805
1782	522350	134752
1783	522225	134770
1784	522085	134765
1785	521947	134795
1786	521825	134775
1787	521684	134770
1788	521532	134749
1789	521412	134737
1790	521352	134760
1791	521267	134785
1792	521192	134790
1793	521107	134777
1794	521024	134729
1795	520974	134659
1796	520924	134563
1797	520884	134469
1798	520849	134399
1799	520782	134310
1800	520707	134235
1801	520629	134134
1802	520564	134023
1803	520507	133937
1804	520447	133854
1805	520379	133791
1806	520319	133738
1807	520257	133710
1808	520184	133697
1809	520087	133697
1810	520022	133697
1811	519992	133687
1812	519921	133619
1813	519854	133503
1814	519791	133389
1815	519726	133278
1816	519669	133160
1817	519609	133049
1818	519561	132940
1819	519514	132860
1820	519466	132769
1821	519394	132678
1822	519334	132625
1823	519266	132602
1824	519194	132600
1825	519121	132605
1826	519041	132615
1827	518956	132643
1828	518864	132675
1829	518781	132701
1830	518709	132723
1831	518671	132744
1832	518644	132764
1833	518634	132726
1834	518574	132746
1835	518519	132769
1836	518461	132799
1837	518374	132847
1838	518304	132892
1839	518249	132920
1840	518196	132945
1841	518191	132981
1842	518093	133031
1843	517988	133036
1844	517868	133072
1845	517718	133132
1846	517621	133183
1847	517538	133228
1848	517501	133248
1849	517431	133238
1850	517336	133316
1851	517276	133364
1852	517206	133440
1853	517168	133468
1854	517066	133483
1855	517008	133490
1856	516926	133596
1857	516896	133720
1858	516871	133806
1859	516841	133871
1860	516781	133955
1861	516736	134008
1862	516736	134098
1863	516758	134169
1864	516758	134237
1865	516711	134290
1866	516631	134386
1867	516568	134472
1868	516498	134568
1869	516428	134674
1870	516368	134775
1871	516365	134886
1872	516388	134913
1873	516383	134946
1874	516348	134989
1875	516305	135042
1876	516270	135095
1877	516243	135153
1878	516255	135224
1879	516268	135302
1880	516263	135370
1881	516268	135433
1882	516268	135476
1883	516255	135537
1884	516263	135569
1885	516300	135612
1886	516305	135663
1887	516293	135691
1888	516248	135713
1889	516208	135703
1890	516155	135731
1891	516095	135776
1892	516015	135834
1893	515948	135892
1894	515885	135938
1895	515803	135988
1896	515733	136026
1897	515660	136031
1898	515595	136008
1899	515503	135971
1900	515420	135961
1901	515338	135978
1902	515308	135998
1903	515258	135996
1904	515195	136024
1905	515103	136039
1906	515015	136049
1907	514963	136002
1908	514920	135994
1909	514860	135994
1910	514808	135994
1911	514773	135964
1912	514708	135937
1913	514633	135957
1914	514556	136004
1915	514509	136047
1916	514416	136125
1917	514366	136167
1918	514314	136155
1919	514306	136127
1920	514267	136097
1921	514187	136167
1922	514247	136090
1923	514239	136059
1924	514202	136004
1925	514099	135931
1926	514032	135891
1927	513955	135871
1928	513945	135919
1929	513830	135914
1930	513563	135876
1931	513523	135861
1932	513466	135806
1933	513431	135778
1934	513341	135766
1935	513246	135743
1936	513144	135701
1937	512989	135610
1938	512942	135600
1939	512879	135605
1940	512834	135615
1941	512807	135625
1942	512767	135636
1943	512722	135633
1944	512685	135610
1945	512645	135578
1946	512612	135558
1947	512580	135528
1948	512562	135455
1949	512552	135407
1950	512445	135329
1951	512325	135272
1952	512261	135219
1953	512161	135121
1954	512106	135084
1955	512014	135051
1956	511919	135028
1957	511814	134966
1958	511727	134888
1959	511649	134808
1960	511542	134717
1961	511430	134637
1962	511340	134562
1963	511255	134477
1964	511178	134391
1965	511098	134278
1966	511026	134196
1967	510966	134153
1968	510918	134110
1969	510883	134058
1970	510861	134020
1971	510863	133985
1972	510867	133995
1973	510772	133957
1974	510717	133889
1975	510667	133872
1976	510604	133851
1977	510607	133811
1978	510577	133811
1979	510577	133786
1980	510577	133761
1981	510587	133736
1982	510589	133675
1983	510582	133617
1984	510577	133569
1985	510587	133474
1986	510589	133438
1987	510579	133396
1988	510587	133330
1989	510577	133292
1990	510489	133131
1991	510434	133030
1992	510369	132902
1993	510284	132731
1994	510206	132570
1995	510151	132476
1996	510096	132401
1997	510046	132373
1998	509996	132348
1999	509931	132250
2000	509838	132121
2001	509780	132033
2002	509733	131940
2003	509703	131844
2004	509630	131731
2005	509583	131673
2006	509492	131603
2007	509437	131565
2008	509420	131535
2009	509422	131507
2010	509432	131477
2011	509410	131416
2012	509375	131351
2013	509330	131310
2014	509267	131280
2015	509217	131258
2016	509159	131210
2017	509114	131162
2018	509079	131152
2019	509064	131114
2020	508966	131001
2021	508959	130968
2022	508939	130913
2023	508979	130882
2024	509009	130822
2025	509054	130706
2026	509089	130610
2027	509094	130575
2028	509089	130530
2029	509062	130452
2030	508999	130323
2031	508944	130187
2032	508889	130019
2033	508829	129988
2034	508811	129945
2035	508809	129898
2036	508738	129706
2037	508713	129593
2038	508648	129487
2039	508501	129248
2040	508445	129155
2041	508380	129062
2042	508318	129004
2043	508210	128958
2044	508167	128951
2045	508090	128915
2046	508025	128860
2047	507940	128830
2048	507874	128817
2049	507824	128817
2050	507807	128782
2051	507759	128792
2052	507734	128769
2053	507724	128737
2054	507737	128706
2055	507764	128674
2056	507772	128591
2057	507774	128513
2058	507792	128452
2059	507807	128364
2060	507824	128288
2061	507849	128205
2062	507864	128160
2063	507832	128062
2064	507757	127956
2065	507712	127888
2066	507624	127785
2067	507576	127699
2068	507511	127583
2069	507434	127432
2070	507406	127336
2071	507368	127248
2072	507341	127213
2073	507306	127155
2074	507273	127075
2075	507186	126999
2076	507070	126931
2077	506930	126845
2078	506810	126777
2079	506745	126750
2080	506707	126707
2081	506665	126619
2082	506620	126561
2083	506595	126503
2084	506549	126420
2085	506502	126367
2086	506449	126269
2087	506399	126188
2088	506342	126115
2089	506264	126007
2090	506206	125931
2091	506179	125868
2092	506156	125798
2093	506124	125730
2094	506101	125662
2095	506044	125553
2096	506001	125465
2097	505926	125357
2098	505856	125271
2099	505801	125213
2100	505741	125113
2101	505665	125067
2102	505635	125042
2103	505600	124914
2104	505545	124813
2105	505495	124735
2106	505400	124654
2107	505347	124617
2108	505280	124523
2109	505230	124493
2110	505185	124488
2111	505139	124476
2112	504957	124486
2113	504846	124466
2114	504784	124455
2115	504686	124440
2116	504581	124415
2117	504551	124428
2118	504511	124410
2119	504506	124372
2120	504481	124355
2121	504416	124330
2122	504363	124274
2123	504323	124209
2124	504285	124148
2125	504258	124093
2126	504238	124035
2127	504243	124002
2128	504238	123969
2129	504200	123891
2130	504173	123831
2131	504140	123801
2132	504143	123760
2133	504110	123710
2134	504083	123682
2135	504052	123642
2136	504047	123559
2137	504067	123496
2138	504072	123423
2139	504020	123264
2140	503972	123169
2141	503952	123126
2142	503955	123098
2143	503975	123012
2144	503992	122955
2145	504007	122917
2146	503987	122771
2147	503950	122667
2148	503937	122589
2149	503897	122547
2150	503892	122443
2151	503857	122441
2152	503847	122406
2153	503835	122348
2154	503830	122285
2155	503850	122196
2156	503850	122144
2157	503867	122101
2158	503895	122058
2159	503940	122055
2160	503985	122053
2161	503997	122025
2162	503997	121972
2163	503999	122003
2164	503979	121910
2165	503966	121862
2166	503961	121786
2167	503974	121713
2168	503971	121663
2169	503954	121575
2170	503929	121487
2171	503891	121467
2172	503884	121427
2173	503884	121399
2174	503874	121329
2175	503832	121276
2176	503799	121201
2177	503787	121103
2178	503707	120907
2179	503652	120851
2180	503578	120753
2181	503391	120444
2182	503204	120245
2183	503129	120100
2184	503092	120087
2185	503074	120057
2186	503102	120044
2187	502818	119526
2188	502790	119474
2189	502501	118928
2190	502387	118898
2191	502347	118873
2192	502332	118901
2193	502230	118870
2194	502200	118835
2195	502282	118745
2196	502332	118652
2197	502167	118546
2198	502145	118571
2199	502088	118523
2200	501746	118310
2201	501622	118259
2202	501550	118277
2203	501522	118350
2204	501495	118340
2205	501525	118239
2206	501440	118177
2207	501413	118161
2208	501136	117985
2209	501026	118141
2210	501014	118204
2211	501017	118134
2212	501119	117968
2213	500852	117789
2214	500591	117882
2215	500511	117865
2216	500449	117822
2217	500287	117872
2218	500177	117865
2219	500065	117840
